BASS -----------

http://localhost:7777/classify/bass?bass=0.2,0.33,0,0,0.4,0.33,0,0,0.4,1.0,1,0,0.0,0.0,0,0,0.4,0.33,1,0,0.4,0.66,0,0,0.4,0.66,1,0,0.4,1.0,0,0,0.0,0.0,1,0,0.0,0.0,0,0,0.0,0.0,1,0,0.0,0.0,0,0,0.0,0.0,1,0,0.0,0.0,0,0,0.0,0.0,1,0,0.0,0.0,0,0,1.0,0.33,1,0,1.0,0.66,0,0,1.0,0.66,1,0,1.0,1.0,0,0,0.2,0.33,1,0,0.2,0.66,0,0,0.2,1.0,1,0,0.0,0.0,0,0,0.0,0.0,1,0,0.0,0.0,0,0,0.0,0.0,1,0,0.0,0.0,0,0,0.2,0.33,1,0,0.2,0.66,0,0,0.2,0.66,1,0,0.2,1.0,0,0

http://localhost:7777/classify/bass?bass=0.2,0.33,0,0,0.2,1.0,0,0,0.0,0.0,1,0,0.0,0.0,0,0,0.0,0.0,1,0,0.0,0.0,0,0,0.0,0.0,1,0,0.0,0.0,0,0,0.0,0.0,1,0,1.0,0.33,0,0,0.0,0.0,1,0,0.0,0.0,0,0,0.0,0.0,1,0,0.0,0.0,0,0,0.0,0.0,1,0,0.0,0.0,0,0,0.0,0.0,1,0,0.2,0.33,0,0,0.2,1.0,1,0,0.0,0.0,0,0,0.0,0.0,1,0,0.0,0.0,0,0,0.0,0.0,1,0,0.0,0.0,0,0,0.0,0.0,1,0,0.0,0.0,0,0,0.0,0.0,1,0,0.0,0.0,0,0,0.0,0.0,1,0,0.0,0.0,0,0,0.0,0.0,1,0,0.0,1.0,0,0

ARRPEGGIO ------

http://localhost:7777/classify/arpeggio?arpeggio=0.0,0.3,0.2,0.0,0.3,0.2,0.4,0.3,0.0,0.0,0.0,0.0,0.0,0.3,0.0,0.0,0.0,0.0,0.0,0.6,0.2,0.0,0.0,0.0,0.2,0.3,0.0,0.6,0.0,0.0,1.0,0.6,1.0,1.0,0.3,1.0,1.0,0.3,0.0,0.0,0.3,0.2,0.0,0.6,0.2,0.0,0.0,0.0,0.0,0.0,0.0,0.0,0.3,1.0,0.4,0.6,1.0,0.0,0.0,0.0,0.0,0.3,0.0,0.0,0.3,0.2,0.0,0.3,0.0,0.0,0.0,0.0,0.2,0.3,0.0,0.6,0.3,1.0,1.0,0.6,1.0,1.0,0.0,0.0,1.0,0.3,0.0,0.0,0.3,0.2,0.0,0.3,0.0,0.0,0.0,0.0

http://localhost:7777/classify/arpeggio?arpeggio=0.6,0.3,0.2,0.0,0.3,0.2,0.0,0.3,0.0,0.0,0.0,0.0,0.6,0.3,0.0,0.0,0.0,0.0,0.4,0.6,0.2,0.0,0.0,0.0,1.0,0.3,0.0,0.0,0.0,0.0,0.0,0.6,1.0,0.0,0.3,1.0,0.4,0.3,0.0,0.0,0.3,0.2,0.0,0.6,0.2,0.0,0.0,0.0,0.6,0.0,0.0,0.0,0.3,1.0,0.0,0.6,1.0,0.0,0.0,0.0,0.6,0.3,0.0,0.0,0.3,0.2,0.4,0.3,0.0,0.0,0.0,0.0,1.0,0.3,0.0,0.0,0.3,1.0,0.0,0.6,1.0,0.0,0.0,0.0,0.4,0.3,0.0,0.0,0.3,0.2,0.0,0.3,0.0,0.0,0.0,0.0

BEAT_ALT -------

http://localhost:7777/classify/beatalt/79/92/527/107/53/53/148

http://localhost:7777/classify/beatalt/79/93/527/107/53/53/148

HARM_ALT -------

http://localhost:7777/classify/harmalt/73/527/95/53/53/148

http://localhost:7777/classify/harmalt/73/527/102/53/53/148
